function s= calc_soldec_sh
s=[23.080 123
 23.010 124
 22.930 125
 22.840 126
 22.750 127
 22.650 128
 22.540 129
 22.430 130
 22.310 131
 22.180 132
 22.050 133
 21.910 134
 21.770 135
 21.610 136
 21.460 137
 21.290 138
 21.120 139
 20.940 140
 20.760 141
 20.570 142
 20.380 143
 20.180 144
 19.970 145
 19.760 146
 19.540 147
 19.320 148
 19.090 149
 18.870 150
 18.620 151
 18.380 152
 18.130 153
 17.870 154
 17.610 155
 17.350 156
 17.080 157
 16.810 158
 16.530 159
 16.240 160
 15.950 161
 15.670 162
 15.370 163
 15.070 164
 14.760 165
 14.450 166
 14.140 167
 13.830 168
 13.500 169
 13.180 170
 12.850 171
 12.520 172
 12.190 173
 11.850 174
 11.510 175
 11.160 176
 10.820 177
 10.470 178
 10.110 179
  9.760 180
  9.400 181
  9.040 182
  8.670 183
  8.310 184
  7.940 185
  7.570 186
  7.190 187
  6.820 188
  6.440 189
  6.060 190
  5.680 191
  5.300 192
  4.920 193
  4.530 194
  4.140 195
  3.760 196
  3.370 197
  2.980 198
  2.580 199
  2.190 200
  1.800 201
  1.410 202
  1.010 203
   .620 204
   .220 205
  -.170 206
  -.570 207
  -.970 208
 -1.360 209
 -1.750 210
 -2.150 211
 -2.540 212
 -2.930 213
 -3.330 214
 -3.720 215
 -4.120 216
 -4.510 217
 -4.900 218
 -5.290 219
 -5.680 220
 -6.060 221
 -6.450 222
 -6.830 223
 -7.220 224
 -7.600 225
 -7.980 226
 -8.350 227
 -8.730 228
 -9.100 229
 -9.470 230
 -9.840 231
-10.200 232
-10.570 233
-10.930 234
-11.280 235
-11.640 236
-11.990 237
-12.340 238
-12.680 239
-13.030 240
-13.360 241
-13.700 242
-14.030 243
-14.360 244
-14.680 245
-15.000 246
-15.310 247
-15.620 248
-15.930 249
-16.230 250
-16.530 251
-16.830 252
-17.110 253
-17.390 254
-17.680 255
-17.940 256
-18.200 257
-18.460 258
-18.720 259
-18.970 260
-19.210 261
-19.450 262
-19.680 263
-19.910 264
-20.130 265
-20.340 266
-20.550 267
-20.750 268
-20.940 269
-21.130 270
-21.310 271
-21.480 272
-21.650 273
-21.810 274
-21.960 275
-22.110 276
-22.240 277
-22.380 278
-22.500 279
-22.620 280
-22.730 281
-22.830 282
-22.920 283
-23.000 284
-23.080 285
-23.160 286
-23.230 287
-23.290 288
-23.340 289
-23.380 290
-23.420 291
-23.450 292
-23.470 293
-23.480 294
-23.490 295
-23.500 296
-23.500 297
-23.490 298
-23.480 299
-23.470 300
-23.450 301
-23.420 302
-23.380 303
-23.340 304
-23.290 305
-23.230 306
-23.160 307
-23.080 308
-23.000 309
-22.920 310
-22.830 311
-22.730 312
-22.620 313
-22.500 314
-22.380 315
-22.240 316
-22.110 317
-21.960 318
-21.810 319
-21.650 320
-21.480 321
-21.310 322
-21.130 323
-20.940 324
-20.750 325
-20.550 326
-20.340 327
-20.130 328
-19.910 329
-19.680 330
-19.450 331
-19.210 332
-18.970 333
-18.720 334
-18.460 335
-18.200 336
-17.940 337
-17.680 338
-17.390 339
-17.110 340
-16.830 341
-16.530 342
-16.230 343
-15.930 344
-15.620 345
-15.310 346
-15.000 347
-14.680 348
-14.360 349
-14.030 350
-13.700 351
-13.360 352
-13.030 353
-12.680 354
-12.340 355
-11.990 356
-11.640 357
-11.280 358
-10.930 359
-10.570 360
-10.200 361
 -9.840 362
 -9.470 363
 -9.100 364
 -8.730 365
 -8.350 366
 -7.980   1
 -7.600   2
 -7.220   3
 -6.830   4
 -6.450   5
 -6.060   6
 -5.680   7
 -5.290   8
 -4.900   9
 -4.510  10
 -4.120  11
 -3.720  12
 -3.330  13
 -2.930  14
 -2.540  15
 -2.150  16
 -1.750  17
 -1.360  18
  -.970  19
  -.570  20
  -.170  21
   .220  22
   .620  23
  1.010  24
  1.410  25
  1.800  26
  2.190  27
  2.580  28
  2.980  29
  3.370  30
  3.760  31
  4.140  32
  4.530  33
  4.920  34
  5.300  35
  5.680  36
  6.060  37
  6.440  38
  6.820  39
  7.190  40
  7.570  41
  7.940  42
  8.310  43
  8.670  44
  9.040  45
  9.400  46
  9.760  47
 10.110  48
 10.470  49
 10.820  50
 11.160  51
 11.510  52
 11.850  53
 12.190  54
 12.520  55
 12.850  56
 13.180  57
 13.500  58
 13.830  59
 14.140  60
 14.450  61
 14.760  62
 15.070  63
 15.370  64
 15.670  65
 15.950  66
 16.240  67
 16.530  68
 16.810  69
 17.080  70
 17.350  71
 17.610  72
 17.870  73
 18.130  74
 18.380  75
 18.620  76
 18.870  77
 19.090  78
 19.320  79
 19.540  80
 19.760  81
 19.970  82
 20.180  83
 20.380  84
 20.570  85
 20.760  86
 20.940  87
 21.120  88
 21.290  89
 21.460  90
 21.610  91
 21.770  92
 21.910  93
 22.050  94
 22.180  95
 22.310  96
 22.430  97
 22.540  98
 22.650  99
 22.750 100
 22.840 101
 22.930 102
 23.010 103
 23.080 104
 23.150 105
 23.210 106
 23.260 107
 23.310 108
 23.350 109
 23.380 110
 23.410 111
 23.430 112
 23.440 113
 23.440 114
 23.430 115
 23.410 116
 23.380 117
 23.350 118
 23.310 119
 23.260 120
 23.210 121
 23.150 122];
